13384011886
13374026480
13332144086
13312006516
13288559823
13266533923
13256583548
13245404301
13203060830
13182722479
13160521912
13139362526
13129095773
13116798216
13076076280
13055490456
13035288119
13013795647
13004328828
12992734158
12952444582
12932957360
12911539152
12890772347
12880811045
12870997908
12832609304
12812404686
12792030442
12770924160
12761792087
12751125503
12712167709
12695498453
12695377803
12673753988
12654081329
12645862212
12635216146
12599740045
12584614876
12572288414
12561596390
12555965814
12548448643
12517894963
12505570883
12494441573
12483416884
12477533595
12469014288
12434084891
12415893390
12396721346
